124 138 101 48 137 141 96 52 137 134 107 54
133 134 97 48 129 133 93 47 141 128 95 53
138 134 98 45 132 138 87 48 141 130 87 49
148 129 104 51 130 134 106 50 135 131 99 51
126 124 95 45 134 134 96 45 133 120 91 46
135 136 98 52 140 133 98 50 131 135 90 50
132 145 100 54 138 138 95 47 140 137 94 60
133 130 102 48 136 145 99 55 139 130 90 48
131 134 96 50 136 131 92 46 140 134 90 51
133 125 94 46 126 136 95 56 138 140 100 52
133 136 103 53 137 129 100 53 132 133 90 53
131 139 98 51 137 139 97 50 134 134 97 54
131 136 99 56 136 126 101 50 135 135 99 50
138 134 98 49 137 133 90 49 133 136 95 52
130 136 104 53 129 142 104 47 136 130 99 55
131 128 98 45 135 138 102 55 134 137 93 52
138 129 107 53 129 135 92 50 131 141 99 55
123 131 101 51 134 125 90 60 129 135 95 47
130 129 105 47 138 134 96 51 136 128 93 54
134 130 93 54 136 135 94 53 131 125 88 48
137 136 106 49 132 130 91 52 139 130 94 53
126 131 100 48 133 131 100 50 144 124 86 50
135 136 97 52 138 137 94 51 141 131 97 53
129 126 91 50 130 127 99 45 130 131 98 53
134 139 101 49 136 133 91 49 133 128 92 51
131 134 90 53 134 123 95 52 138 126 97 54
132 130 104 50 136 137 101 54 131 142 95 53
130 132 93 52 133 131 96 49 136 138 94 55
135 132 98 54 138 133 100 55 132 136 92 52
130 128 101 51 138 133 91 46 135 130 100 51
