48.19843 45.56268 37.72059 50.19132 48.11241 41.24928
45.89244 43.94531 35.35523 49.93662 46.98651 39.64963
47.51883 44.81867 37.06405 50.53924 47.61424 40.86335
47.53678 45.10473 38.00526 51.60909 47.88034 42.35948
47.41694 44.95911 36.87555 51.57467 48.55823 41.65982
47.30066 44.48773 36.82567 49.54575 46.88269 40.25956
49.10916 46.08129 38.6994 48.75798 45.99145 40.14058
47.23191 44.39208 36.27355 48.48195 45.6105 39.28638
46.41412 44.785 36.42793 49.31567 47.26578 39.56477
48.13678 45.48871 37.64407 47.61439 45.39986 37.89483
50.84906 47.87585 40.67 48.77775 45.54086 39.12384
49.39317 46.20908 38.76821 49.30476 46.48254 40.38539
47.15605 44.37843 37.55228 47.88277 45.57887 38.03902
46.2976 44.29707 35.45053 49.22163 47.09742 40.43087
47.36208 45.22923 37.57791 48.58898 45.77157 39.01659
48.25671 44.99824 37.82816 50.89195 48.21517 40.86305
46.66284 43.94449 36.244 51.63047 48.29682 41.42336
49.48916 46.18898 38.7534 49.6019 46.2018 39.06408
47.23589 44.92632 37.34839 46.2805 44.94176 36.64947
47.7425 45.50105 36.58438 49.28464 47.23682 40.2866
46.97377 44.23905 36.93211 50.66767 47.00242 41.73084
47.20558 44.36443 36.14014 47.7548 45.19654 38.80917
49.48139 46.68956 38.98412 48.12451 45.39566 38.13414
45.43621 43.60373 35.42541 46.26919 44.25218 36.73024
